0    0    0
0.005    1e-06    0.002369
0.015    1e-06    0.008813
0.025    4e-06    0.017728
0.035    8e-06    0.028125
0.045    10.66    0.041736
0.055    1e-05    0.06432
0.065    9e-06    0.082638
0.075    1.1e-05    0.101511
0.085    2e-05    0.121724
0.095    2e-05    0.150365
0.105    2.5e-05    0.173119
0.115    2.8e-05    0.196042
0.125    2.5e-05    0.218464
0.135    2.8e-05    0.2469
0.145    3.1e-05    0.27394
0.155    2.7e-05    0.29669
0.165    3.2e-05    0.318842
0.175    4e-05    0.346779
0.185    3.2e-05    0.372119
0.195    3.1e-05    0.395491
0.205    3.2e-05    0.416009
0.215    2.7e-05    0.438941
0.225    3e-05    0.467846
0.235    3.4e-05    0.485888
0.245    3.1e-05    0.506126
0.255    2.9e-05    0.523948
0.265    3.5e-05    0.551388
0.275    2.9e-05    0.567774
0.285    3e-05    0.583997
0.295    2.5e-05    0.601774
0.305    2.5e-05    0.623274
0.315    2.1e-05    0.640341
0.325    3e-05    0.656219
0.335    2.2e-05    0.669621
0.345    2.1e-05    0.689206
0.355    1.6e-05    0.704014
0.365    2.2e-05    0.717278
0.375    1.8e-05    0.728638
0.385    2.2e-05    0.744302
0.395    1.2e-05    0.759161
0.405    1.4e-05    0.769531
0.415    1e-05    0.780321
0.425    8e-06    0.792146
0.435    9e-06    0.807023
0.445    5e-06    0.81695
0.455    5e-06    0.825077
0.465    4e-06    0.834913
0.475    0    0.846323
0.485    0    0.854275
0.495    0    0.861761
0.505    0    0.86951
0.515    0    0.877876
0.525    0    0.885391
0.535    0    0.893631
0.545    0    0.899815
0.555    0    0.906479
0.565    0    0.911851
0.575    0    0.914789
0.585    0    0.922251
0.595    0    0.927188
0.605    0    0.931157
0.615    0    0.936059
0.625    0    0.940573
0.635    0    0.941923
0.645    0    0.945549
0.655    0    0.949169
0.665    0    0.951822
0.675    0    0.952098
0.685    0    0.95457
0.695    0    0.955821
0.705    0    0.956835
0.715    0    0.958555
0.725    0    0.956996
0.735    0    0.957859
0.745    0    0.956546
0.755    0    0.95487
0.765    0    0.957014
0.775    0    0.951827
0.785    0    0.952286
0.795    0    0.950056
0.805    0    0.948004
0.815    0    0.944356
0.825    0    0.940433
0.835    0    0.934879
0.845    0    0.93458
0.855    0    0.927779
0.865    0    0.925055
0.875    0    0.918474
0.885    0    0.915643
0.895    0    0.908028
0.905    0    0.902007
0.915    0    0.898391
0.925    0    0.891375
0.935    0    0.881358
0.945    0    0.875272
0.955    0    0.867179
0.965    0    0.860126
0.975    0    0.852707
0.985    0    0.841102
0.995    0    0.83438
1.005    0    0.825799
1.015    0    0.815298
1.025    0    0.804647
1.035    0    0.79508
1.045    0    0.785541
1.055    0    0.775647
1.065    0    0.763436
1.075    0    0.752988
1.085    0    0.740339
1.095    0    0.730425
1.105    0    0.714557
1.115    0    0.702323
1.125    0    0.690566
1.135    0    0.678219
1.145    0    0.662309
1.155    0    0.64701
1.165    0    0.633476
1.175    0    0.620966
1.185    0    0.606879
1.195    0    0.586904
1.205    0    0.573813
1.215    0    0.56001
1.225    0    0.544256
1.235    0    0.521574
1.245    0    0.50605
1.255    0    0.489771
1.265    0    0.474016
1.275    0    0.450871
1.285    0    0.432272
1.295    0    0.329526
1.305    0    0.181181
1.315    0    0
1.325    0    0
1.335    0    0
1.345    0    0
1.355    0    0
1.365    0    0
1.375    0    0
1.385    0    0
1.395    0    0
1.405    0    0
1.415    0    0
1.425    0    0
1.435    0    0
1.445    0    0
1.455    0    0
1.465    0    0
1.475    0    0
1.485    0    0
1.495    0    0
1.505    0.200075    0
1.515    0    0
1.525    0    0
1.535    0    0
1.545    0    0
1.555    0    0
1.565    0    0
1.575    0    0
1.585    0    0
1.595    0    0
1.605    0    0
1.615    0    0
1.625    0    0
1.635    0    0
1.645    0    0
1.655    0    0
1.665    0    0
1.675    0    0
1.685    0    0
1.695    0    0
1.705    0    0
1.715    0    0
1.725    0    0
1.735    0    0
1.745    0    0
1.755    0    0
1.765    0    0
1.775    0    0
1.785    0    0
1.795    0    0
1.805    0    0
1.815    0    0
1.825    0    0
1.835    0    0
1.845    0    0
1.855    0    0
1.865    0    0
1.875    0    0
1.885    0    0
1.895    0    0
1.905    0    0
1.915    0    0
1.925    0    0
1.935    0    0
1.945    0    0
1.955    0    0
1.965    0    0
1.975    0    0
1.985    0    0
1.995    0    0
2.005    0    0
2.015    0    0
2.025    0    0
2.035    0    0
2.045    0    0
2.055    0    0
2.065    0    0
2.075    0    0
2.085    0    0
2.095    0    0
2.105    0    0
2.115    0    0
2.125    0    0
2.135    0    0
2.145    0    0
2.155    0    0
2.165    0    0
2.175    0    0
2.185    0    0
2.195    0    0
2.205    0    0
2.215    0    0
2.225    0    0
2.235    0    0
2.245    0    0
2.255    0    0
2.265    0    0
2.275    0    0
2.285    0    0
2.295    0    0
2.305    0    0
2.315    0    0
2.325    0    0
2.335    0    0
2.345    0    0
2.355    0    0
2.365    0    0
2.375    0    0
2.385    0    0
2.395    0    0
2.405    0    0
2.415    0    0
2.425    0    0
2.435    0    0
2.445    0    0
2.455    0    0
2.465    0    0
2.475    0    0
2.485    0    0
2.495    0    0
2.505    0    0
2.515    0    0
2.525    0    0
2.535    0    0
2.545    0    0
2.555    0    0
2.565    0    0
2.575    0    0
2.585    0    0
2.595    0    0
2.605    0    0
2.615    0    0
2.625    0    0
2.635    0    0
2.645    0    0
2.655    0    0
2.665    0    0
2.675    0    0
2.685    0    0
2.695    0    0
2.705    0    0
2.715    0    0
2.725    0    0
2.735    0    0
2.745    0    0
2.755    0    0
2.765    0    0
2.775    0    0
2.785    0    0
2.795    0    0
2.805    0    0
2.815    0    0
2.825    0    0
2.835    0    0
2.845    0    0
2.855    0    0
2.865    0    0
2.875    0    0
2.885    0    0
2.895    0    0
2.905    0    0
2.915    0    0
2.925    0    0
2.935    0    0
2.945    0    0
2.955    0    0
2.965    0    0
2.975    0    0
2.985    0    0
2.995    0    0
3.005    0    0
3.015    0    0
3.025    0    0
3.035    0    0
3.045    0    0
3.055    0    0
3.065    0    0
3.075    0    0
3.085    0    0
3.095    0    0
3.105    0    0
3.115    0    0
3.125    0    0
3.135    0    0
3.145    0    0
3.155    0    0
3.165    0    0
3.175    0    0
3.185    0    0
3.195    0    0
3.205    0    0
3.215    0    0
3.225    0    0
3.235    0    0
3.245    0    0
3.255    0    0
3.265    0    0
3.275    0    0
3.285    0    0
3.295    0    0
3.305    0    0
3.315    0    0
3.325    0    0
3.335    0    0
3.345    0    0
3.355    0    0
3.365    0    0
3.375    0    0
3.385    0    0
3.395    0    0
3.405    0    0
3.415    0    0
3.425    0    0
3.435    0    0
3.445    0    0
3.455    0    0
3.465    0    0
3.475    0    0
3.485    0    0
3.495    0    0
3.505    0    0
3.515    0    0
3.525    0    0
3.535    0    0
3.545    0    0
3.555    0    0
3.565    0    0
3.575    0    0
3.585    0    0
3.595    0    0
3.605    0    0
3.615    0    0
3.625    0    0
3.635    0    0
3.645    0    0
3.655    0    0
3.665    0    0
3.675    0    0
3.685    0    0
3.695    0    0
3.705    0    0
3.715    0    0
3.725    0    0
3.735    0    0
3.745    0    0
3.755    0    0
3.765    0    0
3.775    0    0
3.785    0    0
3.795    0    0
3.805    0    0
3.815    0    0
3.825    0    0
3.835    0    0
3.845    0    0
3.855    0    0
3.865    0    0
3.875    0    0
3.885    0    0
3.895    0    0
3.905    0    0
3.915    0    0
3.925    0    0
3.935    0    0
3.945    0    0
3.955    0    0
3.965    0    0
3.975    0    0
3.985    0    0
3.995    0    0
4.005    0    0
4.015    0    0
4.025    0    0
4.035    0    0
4.045    0    0
4.055    0    0
4.065    0    0
4.075    0    0
4.085    0    0
4.095    0    0
4.105    0    0
4.115    0    0
4.125    0    0
4.135    0    0
4.145    0    0
4.155    0    0
4.165    0    0
4.175    0    0
4.185    0    0
4.195    0    0
4.205    0    0
4.215    0    0
4.225    0    0
4.235    0    0
4.245    0    0
4.255    0    0
4.265    0    0
4.275    0    0
4.285    0    0
4.295    0    0
4.305    0    0
4.315    0    0
4.325    0    0
4.335    0    0
4.345    0    0
4.355    0    0
4.365    0    0
4.375    0    0
4.385    0    0
4.395    0    0
4.405    0    0
4.415    0    0
4.425    0    0
4.435    0    0
4.445    0    0
4.455    0    0
4.465    0    0
4.475    0    0
4.485    0    0
4.495    0    0
4.505    0    0
4.515    0    0
4.525    0    0
4.535    0    0
4.545    0    0
4.555    0    0
4.565    0    0
4.575    0    0
4.585    0    0
4.595    0    0
4.605    0    0
4.615    0    0
4.625    0    0
4.635    0    0
4.645    0    0
4.655    0    0
4.665    0    0
4.675    0    0
4.685    0    0
4.695    0    0
4.705    0    0
4.715    0    0
4.725    0    0
4.735    0    0
4.745    0    0
4.755    0    0
4.765    0    0
4.775    0    0
4.785    0    0
4.795    0    0
4.805    0    0
4.815    0    0
4.825    0    0
4.835    0    0
4.845    0    0
4.855    0    0
4.865    0    0
4.875    0    0
4.885    0    0
4.895    0    0
4.905    0    0
4.915    0    0
4.925    0    0
4.935    0    0
4.945    0    0
4.955    0    0
4.965    0    0
4.975    0    0
4.985    0    0
4.995    0    0
